//Number   Type   Index   Quantity   Level   Option1   Option2   Option3   NewOption   DropMinLevel   DropMaxLevel   ItemDropRate   RequireIndex   RequireState   DW      DK      FE      MG      DL      SU
0          2      0       1000000    0       0         0         0         0           *              *              *              0              0              1       1       1       0       0       1
0          2      0       1000000    0       0         0         0         0           *              *              *              0              3              1       1       1       0       0       1
0          1      7191    1          0       0         0         0         0           45             60             10000             0              1              1       1       1       0       0       1
0          2      0       2000000    0       0         0         0         0           *              *              *              1              0              1       1       1       0       0       1
0          2      0       2000000    0       0         0         0         0           *              *              *              1              3              1       1       1       0       0       1
0          1      7192    1          0       0         0         0         0           62             76             10000             1              1              0       1       0       0       0       0
0          1      7193    1          0       0         0         0         0           62             76             10000             1              1              0       0       1       0       0       0
0          1      7194    1          0       0         0         0         0           62             76             10000             1              1              1       0       0       0       0       0
0          1      7236    1          0       0         0         0         0           62             76             10000             1              1              0       0       0       0       0       1
0          2      0       3000000    0       0         0         0         0           *              *              *              2              0              2       2       2       0       0       2
0          2      0       3000000    0       0         0         0         0           *              *              *              2              3              2       2       2       0       0       2
0          1      7191    1          1       0         0         0         0           72             108            10000             2              1              2       2       2       0       0       2
0          2      0       2000000    0       0         0         0         0           *              *              *              3              0              0       2       0       0       0       0
0          2      0       2000000    0       0         0         0         0           *              *              *              3              3              0       2       0       0       0       0
0          1      7192    1          1       0         0         0         0           72             108            10000             3              1              0       2       0       0       0       0
0          2      0       5000000    0       0         0         0         0           *              *              *              4              0              2       2       2       1       1       2
0          2      0       5000000    0       0         0         0         0           *              *              *              4              3              2       2       2       1       1       2
0          1      7233    1          0       0         0         0         0           *              63             10000             4              1              2       2       2       1       1       2
1          1      7234    1          0       0         0         0         0           *              309            10000             4              1              2       2       2       1       1       2
2          1      7235    1          0       0         0         0         0           *              77             10000             4              1              2       2       2       1       1       2
0          2      0       7000000    0       0         0         0         0           *              *              *              5              0              2       2       2       1       1       2
0          2      0       7000000    0       0         0         0         0           *              *              *              5              3              2       2       2       1       1       2
0          4      409     20         0       0         0         0         0           *              *              *              5              1              2       2       2       1       1       2
1          4      410     20         0       0         0         0         0           *              *              *              5              1              2       2       2       1       1       2
2          4      411     20         0       0         0         0         0           *              *              *              5              1              2       2       2       1       1       2
0          2      0       10000000   0       0         0         0         0           *              *              *              6              0              2       2       2       1       1       2
0          2      0       10000000   0       0         0         0         0           *              *              *              6              3              2       2       2       1       1       2
0          4      412     1          0       0         0         0         0           *              *              *              6              1              2       2       2       1       1       2
end