//BaseIndex   MainIndex   CoinValue   ItemIndex   ItemLevel   ItemOption1   ItemOption2   ItemOption3   ItemNewOption   ItemSetOption   ItemHarmonyOption   ItemOptionEx   ItemSocketOption1   ItemSocketOption2   ItemSocketOption3   ItemSocketOption4   ItemSocketOption5   ItemQuantity   ItemDuration
3	      3	          0	      6700	  0           0             0             0             0               0               0                   0              255                 255                 255                 255                 255                 0              259200
4	      4	          0	      7243	  0           0             0             0             0               0               0                   0              255                 255                 255                 255                 255                 0              259200
5	      5	          0	      7242	  0           0             0             0             0               0               0                   0              255                 255                 255                 255                 255                 0              259200
6	      6	          0	      6736	  0           0             0             0             0               0               0                   0              255                 255                 255                 255                 255                 0              259200
7	      7	          0	      6766	  0           0             0             0             0               0               0                   0              255                 255                 255                 255                 255                 0              432000
8	      8	          0	      6767	  0           0             0             0             0               0               0                   0              255                 255                 255                 255                 255                 0              432000
9	      9	          100	      6699	  0           0             0             0             0               0               0                   0              255                 255                 255                 255                 255                 0              86400
9	      10	  250	      6699	  0           0             0             0             0               0               0                   0              255                 255                 255                 255                 255                 0              259200
9	      11	  500	      6699	  0           0             0             0             0               0               0                   0              255                 255                 255                 255                 255                 0              604800
9	      12	  1400	      6699	  0           0             0             0             0               0               0                   0              255                 255                 255                 255                 255                 0              2592000
10	      13	  150	      6700	  0           0             0             0             0               0               0                   0              255                 255                 255                 255                 255                 0              86400
10	      14	  350	      6700	  0           0             0             0             0               0               0                   0              255                 255                 255                 255                 255                 0              259200
10	      15	  700	      6700	  0           0             0             0             0               0               0                   0              255                 255                 255                 255                 255                 0              604800
10	      16	  2100	      6700	  0           0             0             0             0               0               0                   0              255                 255                 255                 255                 255                 0              2592000
11	      17	  80	      6701	  0           0             0             0             0               0               0                   0              255                 255                 255                 255                 255                 0              86400
11	      18	  680	      6701	  0           0             0             0             0               0               0                   0              255                 255                 255                 255                 255                 0              864000
11	      19	  1250	      6701	  0           0             0             0             0               0               0                   0              255                 255                 255                 255                 255                 0              2592000
12	      20	  100	      6702	  0           0             0             0             0               0               0                   0              255                 255                 255                 255                 255                 1              0
12	      21	  900	      6702	  0           0             0             0             0               0               0                   0              255                 255                 255                 255                 255                 10             0
13	      22	  100	      6703	  0           0             0             0             0               0               0                   0              255                 255                 255                 255                 255                 1              0
13	      23	  900	      6703	  0           0             0             0             0               0               0                   0              255                 255                 255                 255                 255                 10             0
14	      24	  250	      6710	  0           0             0             0             0               0               0                   0              255                 255                 255                 255                 255                 20             0
15	      25	  250	      6711	  0           0             0             0             0               0               0                   0              255                 255                 255                 255                 255                 20             0
16	      26	  250	      6712	  0           0             0             0             0               0               0                   0              255                 255                 255                 255                 255                 20             0
17	      27	  250	      6713	  0           0             0             0             0               0               0                   0              255                 255                 255                 255                 255                 20             0
18	      28	  250	      6714	  0           0             0             0             0               0               0                   0              255                 255                 255                 255                 255                 20             0
19	      29	  150	      6717	  0           0             0             0             0               0               0                   0              255                 255                 255                 255                 255                 1              0
19	      30	  1350	      6717	  0           0             0             0             0               0               0                   0              255                 255                 255                 255                 255                 10             0
20	      31	  100	      6720	  0           0             0             0             0               0               0                   0              255                 255                 255                 255                 255                 0              86400
20	      32	  500	      6720	  0           0             0             0             0               0               0                   0              255                 255                 255                 255                 255                 0              604800
20	      33	  1400	      6720	  0           0             0             0             0               0               0                   0              255                 255                 255                 255                 255                 0              2592000
21	      34	  100	      6721	  0           0             0             0             0               0               0                   0              255                 255                 255                 255                 255                 0              86400
21	      35	  500	      6721	  0           0             0             0             0               0               0                   0              255                 255                 255                 255                 255                 0              604800
21	      36	  1400	      6721	  0           0             0             0             0               0               0                   0              255                 255                 255                 255                 255                 0              2592000
22	      37	  100	      7221	  0           0             0             0             0               0               0                   0              255                 255                 255                 255                 255                 0              0
22	      38	  400	      7221	  4           0             0             0             0               0               0                   0              255                 255                 255                 255                 255                 0              0
23	      39	  20	      7238	  0           0             0             0             0               0               0                   0              255                 255                 255                 255                 255                 20             0
24	      40	  20	      7239	  0           0             0             0             0               0               0                   0              255                 255                 255                 255                 255                 20             0
25	      41	  150	      7240	  0           0             0             0             0               0               0                   0              255                 255                 255                 255                 255                 0              86400
25	      42	  700	      7240	  0           0             0             0             0               0               0                   0              255                 255                 255                 255                 255                 0              604800
26	      43	  100	      7241	  0           0             0             0             0               0               0                   0              255                 255                 255                 255                 255                 0              86400
26	      44	  500	      7241	  0           0             0             0             0               0               0                   0              255                 255                 255                 255                 255                 0              604800
27	      45	  150	      7242	  0           0             0             0             0               0               0                   0              255                 255                 255                 255                 255                 0              86400
27	      46	  700	      7242	  0           0             0             0             0               0               0                   0              255                 255                 255                 255                 255                 0              604800
28	      47	  150	      7243	  0           0             0             0             0               0               0                   0              255                 255                 255                 255                 255                 0              86400
28	      48	  700	      7243	  0           0             0             0             0               0               0                   0              255                 255                 255                 255                 255                 0              604800
29	      49	  100	      7244	  0           0             0             0             0               0               0                   0              255                 255                 255                 255                 255                 0              86400
29	      50	  500	      7244	  0           0             0             0             0               0               0                   0              255                 255                 255                 255                 255                 0              604800
30	      51	  100	      7245	  0           0             0             0             0               0               0                   0              255                 255                 255                 255                 255                 0              86400
30	      52	  500	      7245	  0           0             0             0             0               0               0                   0              255                 255                 255                 255                 255                 0              604800
31	      53	  500	      7259	  0           0             0             0             0               0               0                   0              255                 255                 255                 255                 255                 0              0
32	      54	  180	      7260	  0           0             0             0             0               0               0                   0              255                 255                 255                 255                 255                 0              0
33	      55	  500	      7261	  0           0             0             0             0               0               0                   0              255                 255                 255                 255                 255                 0              0
34	      56	  80	      7263	  0           0             0             0             0               0               0                   0              255                 255                 255                 255                 255                 0              0
35	      57	  2000	      7264	  0           0             0             0             0               0               0                   0              255                 255                 255                 255                 255                 0              0
36	      58	  150	      7265	  0           0             0             0             0               0               0                   0              255                 255                 255                 255                 255                 0              86400
36	      59	  700	      7265	  0           0             0             0             0               0               0                   0              255                 255                 255                 255                 255                 0              604800
37	      60	  150	      7266	  0           0             0             0             0               0               0                   0              255                 255                 255                 255                 255                 0              86400
37	      61	  700	      7266	  0           0             0             0             0               0               0                   0              255                 255                 255                 255                 255                 0              604800
38	      62	  120	      6718	  0           0             0             0             0               0               0                   0              255                 255                 255                 255                 255                 0              86400
38	      63	  600	      6718	  0           0             0             0             0               0               0                   0              255                 255                 255                 255                 255                 0              604800
39	      64	  100	      6719	  0           0             0             0             0               0               0                   0              255                 255                 255                 255                 255                 0              86400
39	      65	  500	      6719	  0           0             0             0             0               0               0                   0              255                 255                 255                 255                 255                 0              604800
40	      66	  50	      6725	  0           0             0             0             0               0               0                   0              255                 255                 255                 255                 255                 0              0
41	      67	  40	      6726	  0           0             0             0             0               0               0                   0              255                 255                 255                 255                 255                 0              0
42	      68	  480	      7246	  0           0             0             0             0               0               0                   0              255                 255                 255                 255                 255                 0              0
43	      69	  480	      7247	  0           0             0             0             0               0               0                   0              255                 255                 255                 255                 255                 0              0
44	      70	  480	      7248	  0           0             0             0             0               0               0                   0              255                 255                 255                 255                 255                 0              0
45	      71	  480	      7249	  0           0             0             0             0               0               0                   0              255                 255                 255                 255                 255                 0              0
46	      72	  480	      7250	  0           0             0             0             0               0               0                   0              255                 255                 255                 255                 255                 0              0
47	      73	  80	      6704	  0           0             0             0             0               0               0                   0              255                 255                 255                 255                 255                 1              0
47	      74	  720	      6704	  0           0             0             0             0               0               0                   0              255                 255                 255                 255                 255                 10             0
48	      75	  50	      6737	  0           0             0             0             0               0               0                   0              255                 255                 255                 255                 255                 0              0
49	      76	  50	      6738	  0           0             0             0             0               0               0                   0              255                 255                 255                 255                 255                 0              0
50	      77	  100	      6749	  0           0             0             0             0               0               0                   0              255                 255                 255                 255                 255                 0              86400
50	      78	  500	      6749	  0           0             0             0             0               0               0                   0              255                 255                 255                 255                 255                 0              604800
50	      79	  1400	      6749	  0           0             0             0             0               0               0                   0              255                 255                 255                 255                 255                 0              2592000
51	      80	  150	      6750	  0           0             0             0             0               0               0                   0              255                 255                 255                 255                 255                 0              86400
51	      81	  700	      6750	  0           0             0             0             0               0               0                   0              255                 255                 255                 255                 255                 0              604800
51	      82	  2100	      6750	  0           0             0             0             0               0               0                   0              255                 255                 255                 255                 255                 0              2592000
52	      83	  600	      6780	  0           0             0             0             0               0               0                   0              255                 255                 255                 255                 255                 0              604800
52	      84	  1400	      6780	  0           0             0             0             0               0               0                   0              255                 255                 255                 255                 255                 0              2592000
53	      85	  90	      6275	  0           0             0             0             0               0               0                   0              255                 255                 255                 255                 255                 0              86400
53	      86	  450	      6275	  0           0             0             0             0               0               0                   0              255                 255                 255                 255                 255                 0              604800
54	      87	  90	      6276	  0           0             0             0             0               0               0                   0              255                 255                 255                 255                 255                 0              86400
54	      88	  450	      6276	  0           0             0             0             0               0               0                   0              255                 255                 255                 255                 255                 0              604800
55	      89	  90	      6277	  0           0             0             0             0               0               0                   0              255                 255                 255                 255                 255                 0              86400
55	      90	  450	      6277	  0           0             0             0             0               0               0                   0              255                 255                 255                 255                 255                 0              604800
56	      91	  90	      6278	  0           0             0             0             0               0               0                   0              255                 255                 255                 255                 255                 0              86400
56	      92	  450	      6278	  0           0             0             0             0               0               0                   0              255                 255                 255                 255                 255                 0              604800
57	      93	  100	      6732	  0           0             0             0             0               0               0                   0              255                 255                 255                 255                 255                 0              86400
57	      94	  500	      6732	  0           0             0             0             0               0               0                   0              255                 255                 255                 255                 255                 0              604800
58	      95	  100	      6676	  0           0             0             0             0               0               0                   0              255                 255                 255                 255                 255                 0              86400
58	      96	  500	      6676	  0           0             0             0             0               0               0                   0              255                 255                 255                 255                 255                 0              604800
59	      97	  100	      6778	  0           0             0             0             0               0               0                   0              255                 255                 255                 255                 255                 0              86400
59	      98	  500	      6778	  0           0             0             0             0               0               0                   0              255                 255                 255                 255                 255                 0              604800
60	      99	  150	      6736	  0           0             0             0             0               0               0                   0              255                 255                 255                 255                 255                 0              86400
60	      100	  700	      6736	  0           0             0             0             0               0               0                   0              255                 255                 255                 255                 255                 0              604800
61	      101	  150	      6779	  0           0             0             0             0               0               0                   0              255                 255                 255                 255                 255                 0              86400
61	      102	  700	      6779	  0           0             0             0             0               0               0                   0              255                 255                 255                 255                 255                 0              604800
62	      103	  80	      6765	  0           0             0             0             0               0               0                   0              255                 255                 255                 255                 255                 0              86400
62	      104	  400	      6765	  0           0             0             0             0               0               0                   0              255                 255                 255                 255                 255                 0              604800
63	      105	  80	      6766	  0           0             0             0             0               0               0                   0              255                 255                 255                 255                 255                 0              86400
63	      106	  400	      6766	  0           0             0             0             0               0               0                   0              255                 255                 255                 255                 255                 0              604800
64	      107	  80	      6767	  0           0             0             0             0               0               0                   0              255                 255                 255                 255                 255                 0              86400
64	      108	  400	      6767	  0           0             0             0             0               0               0                   0              255                 255                 255                 255                 255                 0              604800
65	      109	  80	      6768	  0           0             0             0             0               0               0                   0              255                 255                 255                 255                 255                 0              86400
65	      110	  400	      6768	  0           0             0             0             0               0               0                   0              255                 255                 255                 255                 255                 0              604800
66	      111	  90	      6769	  0           0             0             0             0               0               0                   0              255                 255                 255                 255                 255                 0              86400
66	      112	  450	      6769	  0           0             0             0             0               0               0                   0              255                 255                 255                 255                 255                 0              604800
67	      113	  90	      6770	  0           0             0             0             0               0               0                   0              255                 255                 255                 255                 255                 0              86400
67	      114	  450	      6770	  0           0             0             0             0               0               0                   0              255                 255                 255                 255                 255                 0              604800
68	      115	  90	      6771	  0           0             0             0             0               0               0                   0              255                 255                 255                 255                 255                 0              86400
68	      116	  450	      6771	  0           0             0             0             0               0               0                   0              255                 255                 255                 255                 255                 0              604800
69	      117	  20	      7280	  0           0             0             0             0               0               0                   0              255                 255                 255                 255                 255                 0              0
70	      118	  60	      7281	  0           0             0             0             0               0               0                   0              255                 255                 255                 255                 255                 0              0
71	      119	  130	      6763	  0           0             0             0             0               0               0                   0              255                 255                 255                 255                 255                 0              86400
71	      120	  600	      6763	  0           0             0             0             0               0               0                   0              255                 255                 255                 255                 255                 0              604800
72	      121	  150	      6762	  0           0             0             0             0               0               0                   0              255                 255                 255                 255                 255                 0              86400
72	      122	  700	      6762	  0           0             0             0             0               0               0                   0              255                 255                 255                 255                 255                 0              604800
73	      123	  120	      6760	  0           0             0             0             0               0               0                   0              255                 255                 255                 255                 255                 0              86400
73	      124	  600	      6760	  0           0             0             0             0               0               0                   0              255                 255                 255                 255                 255                 0              604800
74	      125	  120	      6761	  0           0             0             0             0               0               0                   0              255                 255                 255                 255                 255                 0              86400
74	      126	  600	      6761	  0           0             0             0             0               0               0                   0              255                 255                 255                 255                 255                 0              604800
75	      127	  80	      6759	  0           0             0             0             0               0               0                   0              255                 255                 255                 255                 255                 0              86400
75	      128	  400	      6759	  0           0             0             0             0               0               0                   0              255                 255                 255                 255                 255                 0              604800
76	      129	  40	      7301	  0           0             0             0             0               0               0                   0              255                 255                 255                 255                 255                 10             0
77	      130	  100	      6781	  0           0             0             0             0               0               0                   0              255                 255                 255                 255                 255                 1              0
77	      131	  900	      6781	  0           0             0             0             0               0               0                   0              255                 255                 255                 255                 255                 10             0
78	      132	  100	      6782	  0           0             0             0             0               0               0                   0              255                 255                 255                 255                 255                 1              0
78	      133	  900	      6782	  0           0             0             0             0               0               0                   0              255                 255                 255                 255                 255                 10             0
79	      134	  100	      6783	  0           0             0             0             0               0               0                   0              255                 255                 255                 255                 255                 1              0
79	      135	  900	      6783	  0           0             0             0             0               0               0                   0              255                 255                 255                 255                 255                 10             0
80	      136	  50	      6737	  0           0             0             0             0               0               0                   0              255                 255                 255                 255                 255                 0              86400
80	      137	  250	      6737	  0           0             0             0             0               0               0                   0              255                 255                 255                 255                 255                 0              604800
81	      138	  50	      6738	  0           0             0             0             0               0               0                   0              255                 255                 255                 255                 255                 0              86400
81	      139	  250	      6738	  0           0             0             0             0               0               0                   0              255                 255                 255                 255                 255                 0              604800
82	      140	  290	      6780	  0           0             0             0             0               0               0                   0              255                 255                 255                 255                 255                 0              259200
83	      141	  300	      7337	  0           0             0             0             0               0               0                   0              255                 255                 255                 255                 255                 0              0
84	      142	  300	      7259	  0           0             0             0             0               0               0                   0              255                 255                 255                 255                 255                 0              0
85	      143	  200	      6754	  0           0             0             0             0               0               0                   0              255                 255                 255                 255                 255                 0              0
86	      144	  200	      6753	  0           0             0             0             0               0               0                   0              255                 255                 255                 255                 255                 0              0
87	      145	  300	      7240	  0           0             0             0             0               0               0                   0              255                 255                 255                 255                 255                 0              21600
88	      146	  200	      7241	  0           0             0             0             0               0               0                   0              255                 255                 255                 255                 255                 0              21600
89	      147	  40	      7262	  0           0             0             0             0               0               0                   0              255                 255                 255                 255                 255                 10             0
90	      148	  360	      6702	  0           0             0             0             0               0               0                   0              255                 255                 255                 255                 255                 1              0
91	      149	  360	      6703	  0           0             0             0             0               0               0                   0              255                 255                 255                 255                 255                 1              0
92	      150	  410	      6717	  0           0             0             0             0               0               0                   0              255                 255                 255                 255                 255                 1              0
94	      152	  700	      6700	  0           0             0             0             0               0               0                   0              255                 255                 255                 255                 255                 0              604800
95	      153	  700	      6750	  0           0             0             0             0               0               0                   0              255                 255                 255                 255                 255                 0              604800
96	      154	  80	      7260	  0           0             0             0             0               0               0                   0              255                 255                 255                 255                 255                 0              0
97	      155	  30	      7241	  0           0             0             0             0               0               0                   0              255                 255                 255                 255                 255                 0              86400
98	      156	  600	      6780	  0           0             0             0             0               0               0                   0              255                 255                 255                 255                 255                 0              604800
99	      157	  80	      7260	  0           0             0             0             0               0               0                   0              255                 255                 255                 255                 255                 0              0
100	      158	  80	      7260	  0           0             0             0             0               0               0                   0              255                 255                 255                 255                 255                 0              0
101	      159	  0	      6736	  0           0             0             0             0               0               0                   0              255                 255                 255                 255                 255                 0              172800
102	      160	  0	      6736	  0           0             0             0             0               0               0                   0              255                 255                 255                 255                 255                 0              345600
103	      162	  0	      7280	  0           0             0             0             0               0               0                   0              255                 255                 255                 255                 255                 0              0
104	      163	  0	      7281	  0           0             0             0             0               0               0                   0              255                 255                 255                 255                 255                 0              0
105	      164	  0	      7238	  0           0             0             0             0               0               0                   0              255                 255                 255                 255                 255                 20             0
106	      165	  0	      6778	  0           0             0             0             0               0               0                   0              255                 255                 255                 255                 255                 0              86400
107	      166	  0	      6736	  0           0             0             0             0               0               0                   0              255                 255                 255                 255                 255                 0              259200
108	      167	  0	      7260	  0           0             0             0             0               0               0                   0              255                 255                 255                 255                 255                 0              0
109	      168	  0	      6699	  0           0             0             0             0               0               0                   0              255                 255                 255                 255                 255                 0              604800
110	      169	  0	      6749	  0           0             0             0             0               0               0                   0              255                 255                 255                 255                 255                 0              604800
111	      170	  290	      6780	  0           0             0             0             0               0               0                   0              255                 255                 255                 255                 255                 0              259200
112	      171	  2000	      6208	  0           0             0             0             0               0               0                   0              255                 255                 255                 255                 255                 0              0
113	      172	  1900	      6204	  0           0             0             0             0               0               0                   0              255                 255                 255                 255                 255                 0              0
114	      173	  1700	      6206	  0           0             0             0             0               0               0                   0              255                 255                 255                 255                 255                 0              0
115	      174	  0	      7240	  0           0             0             0             0               0               0                   0              255                 255                 255                 255                 255                 0              86400
116	      175	  0	      7301	  0           0             0             0             0               0               0                   0              255                 255                 255                 255                 255                 10             0
117	      176	  0	      7263	  0           0             0             0             0               0               0                   0              255                 255                 255                 255                 255                 0              0
118	      177	  130	      6763	  0           0             0             0             0               0               0                   0              255                 255                 255                 255                 255                 0              86400
119	      178	  100	      6720	  0           0             0             0             0               0               0                   0              255                 255                 255                 255                 255                 0              86400
120	      179	  150	      7266	  0           0             0             0             0               0               0                   0              255                 255                 255                 255                 255                 0              86400
121	      180	  120	      6761	  0           0             0             0             0               0               0                   0              255                 255                 255                 255                 255                 0              86400
122	      181	  0	      6769	  0           0             0             0             0               0               0                   0              255                 255                 255                 255                 255                 0              86400
123	      182	  100	      7221	  0           0             0             0             0               0               0                   0              255                 255                 255                 255                 255                 0              0
124	      183	  0	      7280	  0           0             0             0             0               0               0                   0              255                 255                 255                 255                 255                 0              0
125	      184	  20	      7280	  0           0             0             0             0               0               0                   0              255                 255                 255                 255                 255                 0              0
126	      185	  20	      7280	  0           0             0             0             0               0               0                   0              255                 255                 255                 255                 255                 0              0
128	      187	  0	      6780	  0           0             0             0             0               0               0                   0              255                 255                 255                 255                 255                 0              259200
129	      188	  400	      6780	  0           0             0             0             0               0               0                   0              255                 255                 255                 255                 255                 0              604800
129	      189	  1400	      6780	  0           0             0             0             0               0               0                   0              255                 255                 255                 255                 255                 0              2592000
130	      190	  0	      6736	  0           0             0             0             0               0               0                   0              255                 255                 255                 255                 255                 0              86400
131	      191	  0	      7281	  0           0             0             0             0               0               0                   0              255                 255                 255                 255                 255                 0              0
132	      192	  0	      7260	  0           0             0             0             0               0               0                   0              255                 255                 255                 255                 255                 0              0
133	      193	  1000	      6205	  0           0             0             0             0               0               0                   0              255                 255                 255                 255                 255                 0              0
134	      194	  1000	      6205	  0           0             0             0             0               0               0                   0              255                 255                 255                 255                 255                 0              0
135	      195	  1000	      6207	  0           0             0             0             0               0               0                   0              255                 255                 255                 255                 255                 0              0
136	      196	  2000	      6209	  0           0             0             0             0               0               0                   0              255                 255                 255                 255                 255                 0              0
137	      197	  0	      6780	  0           0             0             0             0               0               0                   0              255                 255                 255                 255                 255                 0              604800
138	      198	  0	      7260	  0           0             0             0             0               0               0                   0              255                 255                 255                 255                 255                 0              0
139	      199	  50	      7240	  0           0             0             0             0               0               0                   0              255                 255                 255                 255                 255                 0              86400
140	      200	  30	      7241	  0           0             0             0             0               0               0                   0              255                 255                 255                 255                 255                 0              86400
141	      201	  30	      7242	  0           0             0             0             0               0               0                   0              255                 255                 255                 255                 255                 0              86400
142	      202	  30	      7243	  0           0             0             0             0               0               0                   0              255                 255                 255                 255                 255                 0              86400
143	      203	  30	      7244	  0           0             0             0             0               0               0                   0              255                 255                 255                 255                 255                 0              86400
144	      204	  30	      7245	  0           0             0             0             0               0               0                   0              255                 255                 255                 255                 255                 0              86400
145	      205	  1900	      7286	  0           0             0             0             0               0               0                   0              255                 255                 255                 255                 255                 0              0
146	      206	  2900	      7286	  0           0             0             0             0               0               0                   0              255                 255                 255                 255                 255                 0              0
147	      207	  1900	      7285	  0           0             0             0             0               0               0                   0              255                 255                 255                 255                 255                 0              0
148	      208	  3900	      7282	  0           0             0             0             0               0               0                   0              255                 255                 255                 255                 255                 0              0
149	      209	  0	      7305	  0           0             0             0             0               0               0                   0              255                 255                 255                 255                 255                 0              0
150	      210	  0	      7286	  0           0             0             0             0               0               0                   0              255                 255                 255                 255                 255                 0              0
151	      211	  0	      7285	  0           0             0             0             0               0               0                   0              255                 255                 255                 255                 255                 0              0
152	      212	  0	      6736	  0           0             0             0             0               0               0                   0              255                 255                 255                 255                 255                 0              604800
154	      214	  190	      6780	  0           0             0             0             0               0               0                   0              255                 255                 255                 255                 255                 0              86400
156	      216	  56	      7245	  0           0             0             0             0               0               0                   0              255                 255                 255                 255                 255                 0              86400
157	      217	  56	      7244	  0           0             0             0             0               0               0                   0              255                 255                 255                 255                 255                 0              86400
158	      218	  120	      7243	  0           0             0             0             0               0               0                   0              255                 255                 255                 255                 255                 0              86400
159	      219	  120	      7242	  0           0             0             0             0               0               0                   0              255                 255                 255                 255                 255                 0              86400
160	      220	  100	      7241	  0           0             0             0             0               0               0                   0              255                 255                 255                 255                 255                 0              86400
161	      221	  100	      7240	  0           0             0             0             0               0               0                   0              255                 255                 255                 255                 255                 0              86400
162	      222	  56	      7265	  0           0             0             0             0               0               0                   0              255                 255                 255                 255                 255                 0              86400
163	      223	  0	      7280	  0           0             0             0             0               0               0                   0              255                 255                 255                 255                 255                 0              0
164	      224	  0	      7281	  0           0             0             0             0               0               0                   0              255                 255                 255                 255                 255                 0              0
165	      225	  0	      7263	  0           0             0             0             0               0               0                   0              255                 255                 255                 255                 255                 0              0
166	      226	  0	      7260	  0           0             0             0             0               0               0                   0              255                 255                 255                 255                 255                 0              0
167	      227	  0	      6736	  0           0             0             0             0               0               0                   0              255                 255                 255                 255                 255                 0              86400
168	      228	  0	      6732	  0           0             0             0             0               0               0                   0              255                 255                 255                 255                 255                 0              86400
169	      229	  0	      6780	  0           0             0             0             0               0               0                   0              255                 255                 255                 255                 255                 0              259200
170	      230	  0	      7221	  0           0             0             0             0               0               0                   0              255                 255                 255                 255                 255                 0              0
171	      231	  0	      6780	  0           0             0             0             0               0               0                   0              255                 255                 255                 255                 255                 0              259200
172	      232	  0	      6779	  0           0             0             0             0               0               0                   0              255                 255                 255                 255                 255                 0              604800
173	      233	  0	      6778	  0           0             0             0             0               0               0                   0              255                 255                 255                 255                 255                 0              604800
174	      234	  0	      7337	  0           0             0             0             0               0               0                   0              255                 255                 255                 255                 255                 0              0
175	      235	  0	      6780	  0           0             0             0             0               0               0                   0              255                 255                 255                 255                 255                 0              604800
176	      236	  0	      6736	  0           0             0             0             0               0               0                   0              255                 255                 255                 255                 255                 0              604800
177	      237	  0	      6732	  0           0             0             0             0               0               0                   0              255                 255                 255                 255                 255                 0              604800
178	      238	  0	      6726	  0           0             0             0             0               0               0                   0              255                 255                 255                 255                 255                 0              0
179	      239	  0	      6725	  0           0             0             0             0               0               0                   0              255                 255                 255                 255                 255                 0              0
180	      240	  0	      7241	  0           0             0             0             0               0               0                   0              255                 255                 255                 255                 255                 0              604800
181	      241	  0	      7244	  0           0             0             0             0               0               0                   0              255                 255                 255                 255                 255                 0              604800
182	      242	  0	      7245	  0           0             0             0             0               0               0                   0              255                 255                 255                 255                 255                 0              604800
183	      243	  0	      7286	  0           0             0             0             0               0               0                   0              255                 255                 255                 255                 255                 0              0
184	      244	  0	      6699	  0           0             0             0             0               0               0                   0              255                 255                 255                 255                 255                 0              86400
185	      245	  0	      6749	  0           0             0             0             0               0               0                   0              255                 255                 255                 255                 255                 0              86400
186	      246	  0	      7286	  0           0             0             0             0               0               0                   0              255                 255                 255                 255                 255                 0              0
187	      247	  0	      7280	  0           0             0             0             0               0               0                   0              255                 255                 255                 255                 255                 0              0
188	      248	  0	      7281	  0           0             0             0             0               0               0                   0              255                 255                 255                 255                 255                 0              0
189	      249	  0	      7263	  0           0             0             0             0               0               0                   0              255                 255                 255                 255                 255                 0              0
190	      250	  0	      7260	  0           0             0             0             0               0               0                   0              255                 255                 255                 255                 255                 0              0
191	      251	  0	      6719	  0           0             0             0             0               0               0                   0              255                 255                 255                 255                 255                 0              86400
192	      252	  0	      6718	  0           0             0             0             0               0               0                   0              255                 255                 255                 255                 255                 0              86400
193	      253	  0	      6778	  0           0             0             0             0               0               0                   0              255                 255                 255                 255                 255                 0              86400
194	      254	  0	      6779	  0           0             0             0             0               0               0                   0              255                 255                 255                 255                 255                 0              86400
195	      255	  0	      6780	  0           0             0             0             0               0               0                   0              255                 255                 255                 255                 255                 0              259200
196	      256	  0	      7221	  0           0             0             0             0               0               0                   0              255                 255                 255                 255                 255                 0              0
197	      257	  0	      6780	  0           0             0             0             0               0               0                   0              255                 255                 255                 255                 255                 0              604800
198	      258	  0	      6700	  0           0             0             0             0               0               0                   0              255                 255                 255                 255                 255                 0              604800
199	      259	  0	      7241	  0           0             0             0             0               0               0                   0              255                 255                 255                 255                 255                 0              86400
200	      260	  0	      7260	  0           0             0             0             0               0               0                   0              255                 255                 255                 255                 255                 0              0
201	      261	  0	      7260	  0           0             0             0             0               0               0                   0              255                 255                 255                 255                 255                 0              0
202	      262	  0	      7260	  0           0             0             0             0               0               0                   0              255                 255                 255                 255                 255                 0              0
203	      263	  150	      7241	  0           0             0             0             0               0               0                   0              255                 255                 255                 255                 255                 0              86400
204	      264	  150	      7244	  0           0             0             0             0               0               0                   0              255                 255                 255                 255                 255                 0              86400
205	      265	  150	      7245	  0           0             0             0             0               0               0                   0              255                 255                 255                 255                 255                 0              86400
206	      266	  150	      7265	  0           0             0             0             0               0               0                   0              255                 255                 255                 255                 255                 0              86400
207	      267	  150	      7266	  0           0             0             0             0               0               0                   0              255                 255                 255                 255                 255                 0              86400
208	      268	  150	      7240	  0           0             0             0             0               0               0                   0              255                 255                 255                 255                 255                 0              86400
209	      269	  150	      7242	  0           0             0             0             0               0               0                   0              255                 255                 255                 255                 255                 0              86400
210	      270	  150	      7243	  0           0             0             0             0               0               0                   0              255                 255                 255                 255                 255                 0              86400
211	      271	  150	      6778	  0           0             0             0             0               0               0                   0              255                 255                 255                 255                 255                 0              86400
212	      272	  150	      6779	  0           0             0             0             0               0               0                   0              255                 255                 255                 255                 255                 0              86400
213	      273	  150	      6732	  0           0             0             0             0               0               0                   0              255                 255                 255                 255                 255                 0              86400
214	      274	  150	      6736	  0           0             0             0             0               0               0                   0              255                 255                 255                 255                 255                 0              86400
215	      275	  150	      7221	  0           0             0             0             0               0               0                   0              255                 255                 255                 255                 255                 0              0
216	      276	  150	      7221	  4           0             0             0             0               0               0                   0              255                 255                 255                 255                 255                 0              0
217	      277	  150	      7221	  9           0             0             0             0               0               0                   0              255                 255                 255                 255                 255                 0              0
218	      278	  150	      6174	  0           0             0             0             0               0               0                   0              255                 255                 255                 255                 255                 0              0
219	      279	  150	      6175	  0           0             0             0             0               0               0                   0              255                 255                 255                 255                 255                 0              0
220	      280	  150	      7264	  0           0             0             0             0               0               0                   0              255                 255                 255                 255                 255                 0              0
221	      281	  150	      7229	  0           0             0             0             0               0               0                   0              255                 255                 255                 255                 255                 0              0
222	      282	  300	      7253	  0           0             0             0             0               0               0                   0              255                 255                 255                 255                 255                 0              0
223	      283	  300	      7254	  0           0             0             0             0               0               0                   0              255                 255                 255                 255                 255                 0              0
224	      284	  300	      7255	  0           0             0             0             0               0               0                   0              255                 255                 255                 255                 255                 0              0
225	      285	  0	      7230	  0           0             0             0             0               0               0                   0              255                 255                 255                 255                 255                 0              0
226	      286	  0	      7251	  0           0             0             0             0               0               0                   0              255                 255                 255                 255                 255                 0              0
227	      287	  0	      7313	  0           0             0             0             0               0               0                   0              255                 255                 255                 255                 255                 0              0
228	      288	  0	      7314	  0           0             0             0             0               0               0                   0              255                 255                 255                 255                 255                 0              0
229	      289	  420	      7314	  0           0             0             0             0               0               0                   0              255                 255                 255                 255                 255                 0              0
230	      290	  420	      7313	  0           0             0             0             0               0               0                   0              255                 255                 255                 255                 255                 0              0
231	      291	  420	      6183	  0           0             0             0             0               0               0                   0              255                 255                 255                 255                 255                 0              0
232	      292	  420	      6180	  0           0             0             0             0               0               0                   0              255                 255                 255                 255                 255                 0              0
233	      293	  420	      6187	  0           0             0             0             0               0               0                   0              255                 255                 255                 255                 255                 0              0
234	      294	  420	      6184	  0           0             0             0             0               0               0                   0              255                 255                 255                 255                 255                 0              0
235	      295	  420	      6182	  0           0             0             0             0               0               0                   0              255                 255                 255                 255                 255                 0              0
236	      296	  420	      6181	  0           0             0             0             0               0               0                   0              255                 255                 255                 255                 255                 0              0
237	      297	  420	      6174	  0           0             0             0             0               0               0                   0              255                 255                 255                 255                 255                 0              0
238	      298	  420	      6175	  0           0             0             0             0               0               0                   0              255                 255                 255                 255                 255                 0              0
239	      299	  420	      6208	  0           0             0             0             0               0               0                   0              255                 255                 255                 255                 255                 0              0
240	      300	  420	      6209	  0           0             0             0             0               0               0                   0              255                 255                 255                 255                 255                 0              0
241	      301	  420	      6204	  0           0             0             0             0               0               0                   0              255                 255                 255                 255                 255                 0              0
242	      302	  420	      6206	  0           0             0             0             0               0               0                   0              255                 255                 255                 255                 255                 0              0
243	      303	  420	      6206	  0           0             0             0             0               0               0                   0              255                 255                 255                 255                 255                 0              0
244	      304	  420	      6205	  0           0             0             0             0               0               0                   0              255                 255                 255                 255                 255                 0              0
245	      305	  420	      6205	  0           0             0             0             0               0               0                   0              255                 255                 255                 255                 255                 0              0
246	      306	  100	      7241	  0           0             0             0             0               0               0                   0              255                 255                 255                 255                 255                 0              86400
246	      307	  300	      7241	  0           0             0             0             0               0               0                   0              255                 255                 255                 255                 255                 0              604800
247	      308	  100	      7244	  0           0             0             0             0               0               0                   0              255                 255                 255                 255                 255                 0              86400
247	      309	  300	      7244	  0           0             0             0             0               0               0                   0              255                 255                 255                 255                 255                 0              604800
248	      310	  100	      7245	  0           0             0             0             0               0               0                   0              255                 255                 255                 255                 255                 0              86400
248	      311	  300	      7245	  0           0             0             0             0               0               0                   0              255                 255                 255                 255                 255                 0              604800
249	      312	  150	      7265	  0           0             0             0             0               0               0                   0              255                 255                 255                 255                 255                 0              86400
249	      313	  420	      7265	  0           0             0             0             0               0               0                   0              255                 255                 255                 255                 255                 0              604800
250	      314	  150	      7266	  0           0             0             0             0               0               0                   0              255                 255                 255                 255                 255                 0              86400
250	      315	  420	      7266	  0           0             0             0             0               0               0                   0              255                 255                 255                 255                 255                 0              604800
251	      316	  150	      7240	  0           0             0             0             0               0               0                   0              255                 255                 255                 255                 255                 0              86400
251	      317	  420	      7240	  0           0             0             0             0               0               0                   0              255                 255                 255                 255                 255                 0              604800
252	      318	  150	      7242	  0           0             0             0             0               0               0                   0              255                 255                 255                 255                 255                 0              86400
252	      319	  420	      7242	  0           0             0             0             0               0               0                   0              255                 255                 255                 255                 255                 0              604800
253	      320	  150	      7243	  0           0             0             0             0               0               0                   0              255                 255                 255                 255                 255                 0              86400
253	      321	  420	      7243	  0           0             0             0             0               0               0                   0              255                 255                 255                 255                 255                 0              604800
254	      322	  100	      7241	  0           0             0             0             0               0               0                   0              255                 255                 255                 255                 255                 0              86400
255	      323	  50	      7244	  0           0             0             0             0               0               0                   0              255                 255                 255                 255                 255                 0              86400
256	      324	  50	      7245	  0           0             0             0             0               0               0                   0              255                 255                 255                 255                 255                 0              86400
257	      325	  34	      7265	  0           0             0             0             0               0               0                   0              255                 255                 255                 255                 255                 0              86400
258	      326	  100	      7240	  0           0             0             0             0               0               0                   0              255                 255                 255                 255                 255                 0              86400
259	      327	  56	      7242	  0           0             0             0             0               0               0                   0              255                 255                 255                 255                 255                 0              86400
260	      328	  56	      7243	  0           0             0             0             0               0               0                   0              255                 255                 255                 255                 255                 0              86400
261	      329	  10000	      3630	  0           0             0             0             0               0               0                   0              255                 255                 255                 255                 255                 0              0
262	      330	  100000      6693	  0           0             0             0             0               0               0                   0              255                 255                 255                 255                 255                 0              0
263	      331	  400	      7337	  0           0             0             0             0               0               0                   0              255                 255                 255                 255                 255                 0              0
264	      332	  200	      7314	  0           0             0             0             0               0               0                   0              255                 255                 255                 255                 255                 0              0
265	      333	  200	      7229	  0           0             0             0             0               0               0                   0              255                 255                 255                 255                 255                 0              0
266	      334	  200	      6780	  0           0             0             0             0               0               0                   0              255                 255                 255                 255                 255                 0              259200
267	      335	  200	      7221	  9           0             0             0             0               0               0                   0              255                 255                 255                 255                 255                 0              0
268	      336	  200	      6285	  0           0             0             0             0               0               0                   0              255                 255                 255                 255                 255                 0              0
269	      337	  200	      6175	  0           0             0             0             0               0               0                   0              255                 255                 255                 255                 255                 0              0
270	      338	  200	      6174	  0           0             0             0             0               0               0                   0              255                 255                 255                 255                 255                 0              0
271	      339	  200	      6800	  0           0             0             0             0               0               0                   0              255                 255                 255                 255                 255                 0              0
272	      340	  200	      6799	  0           0             0             0             0               0               0                   0              255                 255                 255                 255                 255                 0              0
273	      341	  200	      6798	  0           0             0             0             0               0               0                   0              255                 255                 255                 255                 255                 0              0
274	      342	  200	      6797	  0           0             0             0             0               0               0                   0              255                 255                 255                 255                 255                 0              0
275	      343	  200	      6796	  0           0             0             0             0               0               0                   0              255                 255                 255                 255                 255                 0              0
276	      344	  200	      6795	  0           0             0             0             0               0               0                   0              255                 255                 255                 255                 255                 0              0
277	      345	  200	      6794	  0           0             0             0             0               0               0                   0              255                 255                 255                 255                 255                 0              0
278	      346	  200	      6793	  0           0             0             0             0               0               0                   0              255                 255                 255                 255                 255                 0              0
279	      347	  200	      6792	  0           0             0             0             0               0               0                   0              255                 255                 255                 255                 255                 0              0
280	      348	  200	      6791	  0           0             0             0             0               0               0                   0              255                 255                 255                 255                 255                 0              0
281	      349	  690	      7330	  0           0             0             0             0               0               0                   0              255                 255                 255                 255                 255                 0              0
282	      350	  2490	      7331	  0           0             0             0             0               0               0                   0              255                 255                 255                 255                 255                 0              0
283	      351	  90	      6279	  0           0             0             0             0               0               0                   0              255                 255                 255                 255                 255                 0              86400
283	      352	  450	      6279	  0           0             0             0             0               0               0                   0              255                 255                 255                 255                 255                 0              604800
284	      353	  400	      7337	  0           0             0             0             0               0               0                   0              255                 255                 255                 255                 255                 0              0
285	      354	  0	      7280	  0           0             0             0             0               0               0                   0              255                 255                 255                 255                 255                 0              0
286	      355	  0	      7281	  0           0             0             0             0               0               0                   0              255                 255                 255                 255                 255                 0              0
287	      356	  0	      7260	  0           0             0             0             0               0               0                   0              255                 255                 255                 255                 255                 0              0
288	      357	  0	      7221	  9           0             0             0             0               0               0                   0              255                 255                 255                 255                 255                 0              0
289	      358	  0	      6208	  0           0             0             0             0               0               0                   0              255                 255                 255                 255                 255                 0              0
290	      359	  0	      7260	  0           0             0             0             0               0               0                   0              255                 255                 255                 255                 255                 0              0
end