0
//EventName              DropZen   ItemDropRate   ItemDropCount   SetItemDropRate   ItemDropType   Fireworks
"Starter Ring 40"	 1000	   100		  1		  0		    0		   0
end

1
//Section   Type   MinLevel   MaxLevel   Skill   Luck   Option   Excellent
0	    3	   6          6	         1	 1	1        0
0	    5	   6          6	         1	 1	1        0
0	    9	   6          6	         1	 1	1        0
0	    10     6          6	         1	 1	1        0
0	    13	   6          6	         1	 1	1        0
3	    8	   6          6	         1	 1	1        0
4	    4	   6          6	         1	 1	1        0
4	    9	   6          6	         1	 1	1        0
4	    11	   6          6	         1	 1	1        0
4	    5	   6          6	         1	 1	1        0
4	    12	   6          6	         1	 1	1        0
5	    0	   6          6	         1	 1	1        0
5	    2	   6          6	         1	 1	1        0
5	    3	   6          6	         1	 1	1        0
5	    4	   6          6	         1	 1	1        0
7	    0	   6          6	         1	 1	1        0
7	    2	   6          6	         1	 1	1        0
7	    4	   6          6	         1	 1	1        0
7	    5	   6          6	         1	 1	1        0
7	    6	   6          6	         1	 1	1        0
7	    7	   6          6	         1	 1	1        0
7	    8	   6          6	         1	 1	1        0
7	    10	   6          6	         1	 1	1        0
7	    11	   6          6	         1	 1	1        0
7	    12	   6          6	         1	 1	1        0
8	    0	   6          6	         1	 1	1        0
8	    2	   6          6	         1	 1	1        0
8	    4	   6          6	         1	 1	1        0
8	    5	   6          6	         1	 1	1        0
8	    6	   6          6	         1	 1	1        0
8	    7	   6          6	         1	 1	1        0
8	    8	   6          6	         1	 1	1        0
8	    10	   6          6	         1	 1	1        0
8	    11	   6          6	         1	 1	1        0
8	    12	   6          6	         1	 1	1        0
9	    0	   6          6	         1	 1	1        0
9	    2	   6          6	         1	 1	1        0
9	    4	   6          6	         1	 1	1        0
9	    5	   6          6	         1	 1	1        0
9	    6	   6          6	         1	 1	1        0
9	    7	   6          6	         1	 1	1        0
9	    8	   6          6	         1	 1	1        0
9	    10	   6          6	         1	 1	1        0
9	    11	   6          6	         1	 1	1        0
9	    12	   6          6	         1	 1	1        0
10	    0	   6          6	         1	 1	1        0
10	    2	   6          6	         1	 1	1        0
10	    4	   6          6	         1	 1	1        0
10	    5	   6          6	         1	 1	1        0
10	    6	   6          6	         1	 1	1        0
10	    7	   6          6	         1	 1	1        0
10	    8	   6          6	         1	 1	1        0
10	    10	   6          6	         1	 1	1        0
10	    11	   6          6	         1	 1	1        0
10	    12	   6          6	         1	 1	1        0
11	    0	   6          6	         1	 1	1        0
11	    2	   6          6	         1	 1	1        0
11	    4	   6          6	         1	 1	1        0
11	    5	   6          6	         1	 1	1        0
11	    6	   6          6	         1	 1	1        0
11	    7	   6          6	         1	 1	1        0
11	    8	   6          6	         1	 1	1        0
11	    10	   6          6	         1	 1	1        0
11	    11	   6          6	         1	 1	1        0
11	    12	   6          6	         1	 1	1        0
end