0
//EventName              DropZen   ItemDropRate   ItemDropCount   SetItemDropRate   ItemDropType   Fireworks	
"Chaos Card Mix 3"	 1000	   100		  1		  0		    0		   0
end

1
//Section   Type   MinLevel   MaxLevel   Skill   Luck   Option   Excellent
0           0      5          7          0       1      1        2
0           16     5          7          1       1      1        2
0           17     5          7          1       1      1        2
0           18     5          7          1       1      1        2
0           31     5          7          1       1      1        2
2           10     5          7          1       1      1        2
2           11     5          7          1       1      1        2
4           16     5          7          1       1      1        2
4           17     5          7          1       1      1        2
5           7      5          7          0       1      1        2
5           8      5          7          0       1      1        2
4           6      5          7          1       1      1        2
2           6      5          7          1       1      1        2
0           2      5          7          0       1      1        2
0           3      5          7          1       1      1        2
1           3      5          7          1       1      1        2
2           2      5          7          0       1      1        2
2           4      5          7          1       1      1        2
2           5      5          7          1       1      1        2
2           7      5          7          1       1      1        2
2           8      5          7          1       1      1        2
2           9      5          7          1       1      1        2
3           9      5          7          1       1      1        2
4           0      5          7          1       1      1        2
4           11     5          7          1       1      1        2
4           13     5          7          1       1      1        2
4           14     5          7          1       1      1        2
5           6      5          7          0       1      1        2
6           0      5          7          0       1      1        2
6           1      5          7          0       1      1        2
6           2      5          7          1       1      1        2
6           3      5          7          1       1      1        2
6           4      5          7          1       1      1        2
6           5      5          7          0       1      1        2
6           6      5          7          1       1      1        2
6           7      5          7          1       1      1        2
6           8      5          7          1       1      1        2
6           9      5          7          1       1      1        2
6           10     5          7          1       1      1        2
6           11     5          7          1       1      1        2
6           12     5          7          1       1      1        2
6           13     5          7          1       1      1        2
6           14     5          7          0       1      1        2
6           15     5          7          0       1      1        2
6           16     5          7          1       1      1        2
8           15     5          7          0       1      1        2
9           15     5          7          0       1      1        2
10          15     5          7          0       1      1        2
11          15     5          7          0       1      1        2
7           16     5          7          0       1      1        2
8           16     5          7          0       1      1        2
9           16     5          7          0       1      1        2
10          16     5          7          0       1      1        2
11          16     5          7          0       1      1        2
7           17     5          7          0       1      1        2
8           17     5          7          0       1      1        2
9           17     5          7          0       1      1        2
10          17     5          7          0       1      1        2
11          17     5          7          0       1      1        2
7           18     5          7          0       1      1        2
8           18     5          7          0       1      1        2
9           18     5          7          0       1      1        2
10          18     5          7          0       1      1        2
11          18     5          7          0       1      1        2
7           19     5          7          0       1      1        2
8           19     5          7          0       1      1        2
9           19     5          7          0       1      1        2
10          19     5          7          0       1      1        2
11          19     5          7          0       1      1        2
8           20     5          7          0       1      1        2
9           20     5          7          0       1      1        2
10          20     5          7          0       1      1        2
11          20     5          7          0       1      1        2
7           27     5          7          0       1      1        2
8           27     5          7          0       1      1        2
9           27     5          7          0       1      1        2
10          27     5          7          0       1      1        2
11          27     5          7          0       1      1        2
7           34     5          7          0       1      1        2
8           34     5          7          0       1      1        2
9           34     5          7          0       1      1        2
10          34     5          7          0       1      1        2
11          34     5          7          0       1      1        2
7           35     5          7          0       1      1        2
8           35     5          7          0       1      1        2
9           35     5          7          0       1      1        2
10          35     5          7          0       1      1        2
11          35     5          7          0       1      1        2
7           36     5          7          0       1      1        2
8           36     5          7          0       1      1        2
9           36     5          7          0       1      1        2
10          36     5          7          0       1      1        2
11          36     5          7          0       1      1        2
8           37     5          7          0       1      1        2
9           37     5          7          0       1      1        2
10          37     5          7          0       1      1        2
11          37     5          7          0       1      1        2
7           38     5          7          0       1      1        2
8           38     5          7          0       1      1        2
9           38     5          7          0       1      1        2
10          38     5          7          0       1      1        2
11          38     5          7          0       1      1        2
7           10     5          7          0       1      1        2
8           10     5          7          0       1      1        2
9           10     5          7          0       1      1        2
10          10     5          7          0       1      1        2
11          10     5          7          0       1      1        2
7           11     5          7          0       1      1        2
8           11     5          7          0       1      1        2
9           11     5          7          0       1      1        2
10          11     5          7          0       1      1        2
11          11     5          7          0       1      1        2
7           12     5          7          0       1      1        2
8           12     5          7          0       1      1        2
9           12     5          7          0       1      1        2
10          12     5          7          0       1      1        2
11          12     5          7          0       1      1        2
7           13     5          7          0       1      1        2
8           13     5          7          0       1      1        2
9           13     5          7          0       1      1        2
10          13     5          7          0       1      1        2
11          13     5          7          0       1      1        2
7           14     5          7          0       1      1        2
8           14     5          7          0       1      1        2
9           14     5          7          0       1      1        2
10          14     5          7          0       1      1        2
11          14     5          7          0       1      1        2
7           25     5          7          0       1      1        2
8           25     5          7          0       1      1        2
9           25     5          7          0       1      1        2
10          25     5          7          0       1      1        2
11          25     5          7          0       1      1        2
7           26     5          7          0       1      1        2
8           26     5          7          0       1      1        2
9           26     5          7          0       1      1        2
10          26     5          7          0       1      1        2
11          26     5          7          0       1      1        2
13          8      5          7          0       1      1        1
13          9      5          7          0       1      1        1
13          21     5          7          0       1      1        1
13          22     5          7          0       1      1        1
13          23     5          7          0       1      1        1
13          24     5          7          0       1      1        1
13          12     5          7          0       1      1        1
13          13     5          7          0       1      1        1
13          25     5          7          0       1      1        1
13          26     5          7          0       1      1        1
13          27     5          7          0       1      1        1
13          28     5          7          0       1      1        1
12          30     0          0          0       0      0        0
12          31     0          0          0       0      0        0
13          4      0          0          0       0      0        0
13          5      0          0          0       0      0        0
13          37     0          0          0       0      0        0
end